-9.0 3.7863002427792435e-16 0
-8.997932085096368 0.40678783744114244 0.01
-8.991993853645416 0.7746808240775783 0.02
-8.982556299069405 1.1072140050974806 0.03
-8.969956691807997 1.407602004448398 0.04
-8.95450163603665 1.6787680639257347 0.05
-8.936469849361059 1.923370450532613 0.060000000000000005
-8.916114690593567 2.14382647061694 0.07
-8.893666458442118 2.3423343076764667 0.08
-8.869334481873313 2.5208928810664233 0.09
-8.843309021029533 2.6813199049695116 0.09999999999999999
-8.815762995869067 2.825268310733232 0.10999999999999999
-8.786853558142212 2.954241180897738 0.11999999999999998
-8.756723520901408 3.069605329795372 0.12999999999999998
-8.725502658456598 3.172603653379091 0.13999999999999999
-8.693308888517082 3.2643663598210013 0.15
-8.660249347196935 3.3459211823135004 0.16
-8.626421366593435 3.4182026663130296 0.17
-8.591913363768109 3.4820606151070046 0.18000000000000002
-8.556805649159621 3.5382677699826144 0.19000000000000003
-8.5211711617303 3.587526794363292 0.20000000000000004
-8.4850761374861 3.6304766249922293 0.21000000000000005
-8.44858071740829 3.6676982475255997 0.22000000000000006
-8.411739500287753 3.699719948699574 0.23000000000000007
-8.374602045455228 3.727022092507696 0.24000000000000007
-8.337213329948325 3.7500414635261765 0.25000000000000006
-8.29961416424455 3.769175216615235 0.26000000000000006
-8.26184157031541 3.78478446866945 0.2700000000000001
-8.223929125416328 3.7971975648572154 0.2800000000000001
-8.185907274717657 3.806713048849356 0.2900000000000001
-8.14780361560063 3.8136023638635423 0.3000000000000001
-8.109643156186193 3.8181123089198645 0.3100000000000001
-8.071448550431908 3.8204672724920616 0.3200000000000001
-8.033240311920549 3.8208712637284123 0.3300000000000001
-7.995037008271445 3.8195097595879286 0.34000000000000014
-7.956855437930756 3.816551384574945 0.35000000000000014
-7.918710790937575 3.812149438243198 0.36000000000000015
-7.880616795118146 3.806443284265634 0.37000000000000016
-7.842585849028767 3.799559613615807 0.38000000000000017
-7.804629142848356 3.791613593269806 0.3900000000000002
-7.766756768312746 3.7827099108036277 0.4000000000000002
-7.728977818683858 3.7729437243207062 0.4100000000000002
-7.691300479656868 3.7624015262892474 0.4200000000000002
-7.653732112026622 3.7511619290914764 0.4300000000000002
-7.616279326860182 3.739296379379826 0.4400000000000002
-7.578948053854613 3.726869807692087 0.45000000000000023
-7.54174360349767 3.7139412191928116 0.46000000000000024
-7.504670723592993 3.700564230876539 0.47000000000000025
-7.467733650660543 3.686787560084851 0.48000000000000026
-7.430936156676765 3.672655468749546 0.49000000000000027
-7.394281591576785 3.65820816737435 0.5000000000000002
-7.357772921902775 3.6434821824039485 0.5100000000000002
-7.321412765947723 3.6285106902984454 0.5200000000000002
-7.285203425712243 3.6133238213306416 0.5300000000000002
-7.249146915963264 3.597948935850064 0.5400000000000003
-7.213244990657245 3.582410875509024 0.5500000000000003
-7.177499166966771 3.566732191719808 0.5600000000000003
-7.141910747127758 3.550933353406498 0.5700000000000003
-7.106480838304758 3.5350329359278794 0.5800000000000003
-7.071210370654011 3.5190477928778616 0.5900000000000003
-7.036100113747584 3.5029932123151717 0.6000000000000003
-7.001150691507117 3.4868830588334543 0.6100000000000003
-6.96636259578229 3.4707299027550285 0.6200000000000003
-6.931736198696799 3.454545137615246 0.6300000000000003
-6.8972717638736025 3.438339086998652 0.6400000000000003
-6.86296945664096 3.4221211016919573 0.6500000000000004
-6.828829353311693 3.4058996480314017 0.6600000000000004
-6.794851449619619 3.3896823882425173 0.6700000000000004
-6.761035668389594 3.3734762534980236 0.6800000000000004
-6.727381866510597 3.3572875103537787 0.6900000000000004
-6.693889841275045 3.341121821162926 0.7000000000000004
-6.660559336141779 3.324984299013976 0.7100000000000004
-6.627390045974974 3.3088795576891092 0.7200000000000004
-6.594381621806441 3.292811757094004 0.7300000000000004
-6.56153367516457 3.276784644569604 0.7400000000000004
-6.5288457820091725 3.2608015924590252 0.7500000000000004
-6.496317486307939 3.2448656322690073 0.7600000000000005
-6.463948303287029 3.228979485734527 0.7700000000000005
-6.4317377223852965 3.2131455930672406 0.7800000000000005
-6.3996852099390695 3.1973661386429892 0.7900000000000005
-6.367790211621852 3.181643074360443 0.8000000000000005
-6.336052154661213 3.1659781408819665 0.8100000000000005
-6.304470449853044 3.1503728869486176 0.8200000000000005
-6.2730444933915654 3.1348286869438446 0.8300000000000005
-6.241773668531781 3.119346756864573 0.8400000000000005
-6.210657347099575 3.1039281688440434 0.8500000000000005
-6.179694890863284 3.088573864357643 0.8600000000000005
-6.148885652779267 3.0732846662310873 0.8700000000000006
-6.118228978122957 3.058061289559517 0.8800000000000006
-6.0877242055157295 3.042904351636186 0.8900000000000006
-6.057370667857066 3.0278143809805216 0.9000000000000006
-6.027167693170599 3.012791825547182 0.9100000000000006
-5.9971146053718405 2.9978370601903275 0.9200000000000006
-5.967210724964726 2.982950393450617 0.9300000000000006
-5.937455369673391 2.968132073726311 0.9400000000000006
-5.907847855015107 2.953382294884301 0.9500000000000006
-5.878387494819669 2.938701201361824 0.9600000000000006
-5.849073601700147 2.924088892805033 0.9700000000000006
-5.819905487479364 2.9095454282863917 0.9800000000000006
-5.790882463576159 2.8950708301390664 0.9900000000000007
-5.762003841355073 2.8806650874430417 1.0000000000000007
-5.733268932442785 2.866328159194514 1.0100000000000007
-5.704677049014316 2.852059977187277 1.0200000000000007
-5.676227504051736 2.837860448632199 1.0300000000000007
-5.647919611577911 2.823729458538544 1.0400000000000007
-5.619752686867514 2.8096668718787043 1.0500000000000007
-5.5917260466374055 2.795672535555996 1.0600000000000007
-5.563839009218235 2.7817462801933646 1.0700000000000007
-5.536090894708981 2.767887921759216 1.0800000000000007
-5.508481025116002 2.754097263045173 1.0900000000000007
-5.481008724477972 2.7403740950091438 1.1000000000000008
-5.453673318978022 2.7267181979959445 1.1100000000000008
-5.426474137044232 2.7131293428465444 1.1200000000000008
-5.399410509439553 2.699607291906065 1.1300000000000008
-5.372481769342115 2.6861517999396836 1.1400000000000008
-5.34568725241679 2.6727626149648094 1.1500000000000008
-5.319026296878841 2.659439479007115 1.1600000000000008
-5.292498243550336 2.6461821287873324 1.1700000000000008
-5.266102435910044 2.6329902963450857 1.1800000000000008
-5.23983822013736 2.619863709605479 1.1900000000000008
-5.213704945150827 2.606802092893622 1.2000000000000008
-5.1877019626417855 2.5938051674018245 1.2100000000000009
-5.161828627103522 2.5808726516137384 1.2200000000000009
-5.1360842958564135 2.5680042616893712 1.2300000000000009
-5.110468329069384 2.5551997118145064 1.2400000000000009
-5.084980089778044 2.542458714517766 1.2500000000000009
-5.059618943899783 2.5297809809582446 1.260000000000001
-5.034384260246156 2.517166221186398 1.270000000000001
-5.009275410532762 2.5046141443806036 1.280000000000001
-4.9842917693868705 2.4921244590615967 1.290000000000001
-4.959432714353017 2.479696873286811 1.300000000000001
-4.934697625896739 2.467331094826421 1.310000000000001
-4.910085887406635 2.4550268313227677 1.320000000000001
-4.885596885194914 2.442783790434675 1.330000000000001
-4.861230008496567 2.430601679968018 1.340000000000001
-4.836984649467288 2.4184802079937993 1.350000000000001
-4.812860203180291 2.406419082954877 1.360000000000001
-4.788856067622097 2.3944180137623605 1.370000000000001
-4.764971643687406 2.3824767098826234 1.380000000000001
-4.741206335173148 2.370594881415789 1.390000000000001
-4.717559548771783 2.3587722391664494 1.400000000000001
-4.694030694063942 2.347008494707355 1.410000000000001
-4.670619183510439 2.3353033604366753 1.420000000000001
-4.647324432443767 2.3236565496294532 1.430000000000001
-4.624145859059086 2.3120677764837563 1.440000000000001
-4.601082884404788 2.300536756162026 1.450000000000001
-4.578134932372667 2.289063204828053 1.460000000000001
-4.555301429687728 2.277646839679979 1.470000000000001
-4.532581805897697 2.266287378979695 1.480000000000001
-4.5099754933622584 2.254984542078959 1.490000000000001
-4.48748192724203 2.2437380494425354 1.500000000000001
-4.465100545487326 2.232547622668628 1.5100000000000011
-4.442830788826745 2.2214129845068613 1.5200000000000011
-4.420672100755558 2.210333858874023 1.5300000000000011
-4.398623927523976 2.199309970867786 1.5400000000000011
-4.3766857181252785 2.188341046778591 1.5500000000000012
-4.354856924283838 2.1774268140998556 1.5600000000000012
-4.333137000443032 2.166567001536669 1.5700000000000012
-4.311525403753107 2.1557613390131163 1.5800000000000012
-4.290021594058944 2.1450095576783488 1.5900000000000012
-4.268625033887784 2.1343113899115247 1.6000000000000012
-4.247335188436914 2.1236665693257257 1.6100000000000012
-4.2261515255613045 2.1130748307709415 1.6200000000000012
-4.205073515761233 2.102535910336211 1.6300000000000012
-4.184100632169886 2.092049545351 1.6400000000000012
-4.163232350540951 2.0816154743858877 1.6500000000000012
-4.142468149236199 2.071233437252626 1.6600000000000013
-4.121807509213088 2.0609031750036326 1.6700000000000013
-4.101249914012343 2.0506244299309713 1.6800000000000013
-4.080794849745584 2.0403969455648703 1.6900000000000013
-4.06044180508294 2.0302204666718184 1.7000000000000013
-4.040190271240706 2.020094739252289 1.7100000000000013
-4.020039741969013 2.010019510538117 1.7200000000000013
-3.9999897135395277 1.9999945289895729 1.7300000000000013
-3.9800396847331863 1.9900195442921593 1.7400000000000013
-3.960189156827958 1.9800943073531563 1.7500000000000013
-3.940437633586646 1.9702185702979471 1.7600000000000013
-3.9207846212447226 1.9603920864661384 1.7700000000000014
-3.9012296284982133 1.9506146104075044 1.7800000000000014
-3.881772166491609 1.9408858978777683 1.7900000000000014
-3.8624117488058367 1.9312057058342433 1.8000000000000014
-3.843147891446255 1.921573792431337 1.8100000000000014
-3.823980112830717 1.9119899170159529 1.8200000000000014
-3.80490793377766 1.9024538401227833 1.8300000000000014
-3.785930877494259 1.8929653234695178 1.8400000000000014
-3.767048469564614 1.8835241299519672 1.8500000000000014
-3.7482602379380006 1.8741300236391263 1.8600000000000014
-3.7295657129171547 1.86478276976817 1.8700000000000014
-3.7109644271466244 1.8554821347394024 1.8800000000000014
-3.692455915601159 1.8462278861111558 1.8900000000000015
-3.674039715574157 1.8370197925946563 1.9000000000000015
-3.6557153666661577 1.8278576240488549 1.9100000000000015
-3.6374824107733983 1.8187411514752303 1.9200000000000015
-3.6193403920764093 1.8096701470125742 1.9300000000000015
-3.6012888570286665 1.8006443839317516 1.9400000000000015
-3.5833273543453 1.7916636366304572 1.9500000000000015
-3.565455434991852 1.782727680627953 1.9600000000000015
-3.547672652173083 1.773836292559805 1.9700000000000015
-3.5299785613218413 1.7649892501726139 1.9800000000000015
-3.512372720087976 1.7561863323187468 1.9900000000000015
-3.4948546883273015 1.7474273189510667 2.0000000000000013
-3.4774240280906286 1.7387119911176727 2.010000000000001
-3.4600803036128283 1.7300401309566373 2.020000000000001
-3.4428230813019662 1.7214115216907604 2.0300000000000007
-3.425651929728475 1.7128259476223244 2.0400000000000005
-3.408566419614392 1.7042831941278669 2.0500000000000003
-3.3915661238226384 1.6957830476529616 2.06
-3.374650617346355 1.687325295707013 2.07
-3.3578194772982926 1.678909726858067 2.0799999999999996
-3.3410722829002495 1.6705361307276365 2.0899999999999994
-3.324408615472562 1.6622042979855403 2.099999999999999
-3.3078280584236492 1.653914020344765 2.109999999999999
-3.291330197239608 1.6456650905563401 2.1199999999999988
-3.2749146194738503 1.6374573024042292 2.1299999999999986
-3.2585809147368106 1.6292904507002501 2.1399999999999983
-3.242328674685683 1.6211643312790018 2.149999999999998
-3.2261574930142265 1.6130787409928213 2.159999999999998
-3.210066965442606 1.6050334777067554 2.1699999999999977
-3.1940566897072937 1.5970283402935528 2.1799999999999975
-3.1781262655510187 1.5890631286286832 2.1899999999999973
-3.1622752947127593 1.5811376435853686 2.199999999999997
-3.1465033809177965 1.5732516870296425 2.209999999999997
-3.130810129867805 1.5654050618154303 2.2199999999999966
-3.115195149231002 1.5575975717796469 2.2299999999999964
-3.0996580486323424 1.549829021737322 2.239999999999996
-3.084198439643758 1.5420992174767436 2.249999999999996
-3.0688159357744538 1.5344079657546241 2.259999999999996
-3.053510152461244 1.5267550742912905 2.2699999999999956
-3.0382807070589415 1.5191403517658952 2.2799999999999954
-3.023127218830795 1.5115636078116497 2.289999999999995
-3.0080493089389684 1.5040246530110792 2.299999999999995
-2.9930466004350755 1.496523298891304 2.3099999999999947
-2.9781187182507542 1.489059357919336 2.3199999999999945
-2.9632652891882927 1.4816326434974052 2.3299999999999943
-2.9484859419113 1.4742429699583033 2.339999999999994
-2.9337803069354242 1.466890152560752 2.349999999999994
-2.9191480166191153 1.4595740074847927 2.3599999999999937
-2.904588705154436 1.452294351827199 2.3699999999999934
-2.890102008557916 1.445051003596911 2.3799999999999932
-2.8756875646614524 1.4378437817104912 2.389999999999993
-2.861345013103261 1.4306725059876055 2.399999999999993
-2.847073995318861 1.4235369971465215 2.4099999999999926
-2.8328741545321163 1.4164370767996326 2.4199999999999924
-2.818745135746313 1.4093725674490019 2.429999999999992
-2.8046865857352894 1.4023432924819297 2.439999999999992
-2.7906981530346004 1.3953490761665415 2.4499999999999917
-2.7767794879327354 1.3883897436473973 2.4599999999999915
-2.7629302424623736 1.3814651209411237 2.4699999999999913
-2.7491500703916856 1.3745750349320673 2.479999999999991
-2.735438627215678 1.3677193133679686 2.489999999999991
-2.7217955701475818 1.3608977848556592 2.4999999999999907
-2.7082205581102814 1.3541102788567778 2.5099999999999905
-2.6947132517277894 1.3473566256835086 2.5199999999999902
-2.681273313316759 1.3406366564943415 2.52999999999999
-2.667900406878047 1.3339502032898518 2.53999999999999
-2.654594198088311 1.327297098908503 2.5499999999999896
-2.6413543542916518 1.3206771770224668 2.5599999999999894
-2.628180544491297 1.3140902721334693 2.569999999999989
-2.615072439341327 1.3075362195686508 2.579999999999989
-2.60202971113844 1.3010148554764525 2.5899999999999888
-2.5890520338137613 1.2945260168225203 2.5999999999999885
-2.5761390829246906 1.2880695413856302 2.6099999999999883
-2.5632905356467894 1.281645267753632 2.619999999999988
-2.5505060707657146 1.275253035319417 2.629999999999988
-2.5377853686691845 1.2688926842769015 2.6399999999999877
-2.525128111338989 1.2625640556170323 2.6499999999999875
-2.5125339823430433 1.2562669911238133 2.6599999999999873
-2.500002666827468 1.2500013333703497 2.669999999999987
-2.48753385150873 1.2437669257149124 2.679999999999987
-2.475127224665799 1.2375636122970226 2.6899999999999866
-2.462782476132362 1.2313912380335552 2.6999999999999864
-2.4504992972890647 1.2252496486148634 2.709999999999986
-2.4382773810558005 1.21913869050092 2.719999999999986
-2.4261164218840294 1.2130582109174797 2.7299999999999858
-2.414016115749142 1.2070080578522595 2.7399999999999856
-2.4019761601428553 1.200988080051138 2.7499999999999853
-2.389996254065655 1.1949981270143768 2.759999999999985
-2.3780760980192666 1.1890380489928551 2.769999999999985
-2.3662153939991715 1.1831076969843275 2.7799999999999847
-2.3544138454871497 1.1772069227296997 2.7899999999999845
-2.3426711574438785 1.1713355787093216 2.7999999999999843
-2.3309870363015444 1.165493518139298 2.809999999999984
-2.3193611899565116 1.1596805949678217 2.819999999999984
-2.307793327762018 1.1538966638715205 2.8299999999999836
-2.296283160520907 1.1481415802518247 2.8399999999999834
-2.284830400478398 1.1424152002313521 2.849999999999983
-2.2734347613148946 1.1367173806503117 2.859999999999983
-2.2620959581388256 1.1310479790629238 2.869999999999983
-2.250813707479521 1.1254068537338595 2.8799999999999826
-2.239587727280127 1.1197938636346976 2.8899999999999824
-2.2284177368905556 1.114208868440398 2.899999999999982
-2.217303457060465 1.1086517285257949 2.909999999999982
-2.2062446099322806 1.103122304962105 2.9199999999999817
-2.1952409190342497 1.097620459513455 2.9299999999999815
-2.1842921092735263 1.0921460546334263 2.9399999999999813
-2.1733979069292966 1.0866989534616138 2.949999999999981
-2.162558039645935 1.081279019820208 2.959999999999981
-2.1517722364261953 1.075886118210588 2.9699999999999807
-2.1410402276244356 1.0705201138099356 2.9799999999999804
-2.1303617449398766 1.0651808724678629 2.9899999999999802
-2.1197365214098953 1.0598682607030603 2.99999999999998
-2.1091642914033506 1.0545821456999591 3.00999999999998
-2.098644790613941 1.04932239530541 3.0199999999999796
-2.0881777560536 1.044088878025381 3.0299999999999794
-2.077762926045919 1.0388814630216687 3.039999999999979
-2.0674000402196038 1.0337000201086284 3.049999999999979
-2.057088839501971 1.028544419749918 3.0599999999999787
-2.0468290661124637 1.0234145330552615 3.0699999999999785
-2.036620463556215 1.0183102317772248 3.0799999999999783
-2.0264627766176275 1.0132313883080113 3.089999999999978
-2.0163557513540002 1.0081778756762703 3.099999999999978
-2.006299135089175 1.0031495675439237 3.1099999999999777
-1.9962926764072206 0.9981463382030067 3.1199999999999775
-1.9863361251461498 0.993168062572526 3.1299999999999772
-1.9764292323916617 0.9882146161953318 3.139999999999977
-1.9665717504709226 0.9832858752350074 3.149999999999977
-1.9567634329463701 0.9783817164727724 3.1599999999999766
-1.9470040346095558 0.9735020173044026 3.1699999999999764
-1.9372933114750128 0.9686466557371651 3.179999999999976
-1.9276310207741576 0.9638155103867684 3.189999999999976
-1.9180169209492184 0.959008460474327 3.1999999999999758
-1.9084507716471995 0.9542253858233432 3.2099999999999755
-1.8989323337138704 0.9494661668567017 3.2199999999999753
-1.8894613691877868 0.944730684593681 3.229999999999975
-1.8800376412943418 0.940018820646978 3.239999999999975
-1.8706609144398478 0.9353304572197483 3.2499999999999747
-1.8613309542056449 0.9306654771026629 3.2599999999999745
-1.8520475273422417 0.9260237636709756 3.2699999999999743
-1.8428104017634825 0.9214052008816093 3.279999999999974
-1.8336193465407473 0.9168096732702535 3.289999999999974
-1.8244741318971762 0.912237065948479 3.2999999999999736
-1.8153745292019277 0.9076872646008645 3.3099999999999734
-1.8063203109644594 0.9031601554821395 3.319999999999973
-1.7973112508288447 0.8986556254143403 3.329999999999973
-1.7883471235681105 0.8941735617839806 3.3399999999999728
-1.7794277050786091 0.8897138525392366 3.3499999999999726
-1.7705527723744126 0.8852763861871444 3.3599999999999723
-1.7617221035817419 0.8808610517908149 3.369999999999972
-1.7529354779334168 0.8764677389666575 3.379999999999972
-1.7441926757633393 0.8720963378816233 3.3899999999999717
-1.7354934785009992 0.8677467392504573 3.3999999999999715
-1.726837668666012 0.8634188343329677 3.4099999999999713
-1.7182250298626807 0.8591125149313056 3.419999999999971
-1.7096553467745874 0.854827673387262 3.429999999999971
-1.7011284051592077 0.850564202579575 3.4399999999999706
-1.6926439918425575 0.8463219959212525 3.4499999999999704
-1.684201894713862 0.8421009473569071 3.45999999999997
-1.6758019027202526 0.8379009513601047 3.46999999999997
-1.6674438058614935 0.833721902930727 3.47999999999997
-1.6591273951847267 0.8295636975923454 3.4899999999999696
-1.6508524627792522 0.8254262313896098 3.4999999999999694
-1.6426188017713295 0.82130940088565 3.509999999999969
-1.6344262063190043 0.8172131031594886 3.519999999999969
-1.626274471606963 0.8131372358034692 3.5299999999999687
-1.618163393841414 0.8090816969206959 3.5399999999999685
-1.6100927702449903 0.805046385122485 3.5499999999999683
-1.6020623990516818 0.8010311995258317 3.559999999999968
-1.5940720795017904 0.7970360397508869 3.569999999999968
-1.586121611836912 0.7930608059184483 3.5799999999999677
-1.578210797294939 0.7891053986474625 3.5899999999999674
-1.5703394381050972 0.7851697190525424 3.5999999999999672
-1.5625073374829967 0.7812536687414926 3.609999999999967
-1.5547142996257144 0.777357149812852 3.619999999999967
-1.5469601297068967 0.7734800648534437 3.6299999999999666
-1.5392446338718928 0.7696223169359422 3.6399999999999664
-1.5315676192329046 0.7657838096164484 3.649999999999966
-1.5239288938641666 0.7619644469320799 3.659999999999966
-1.516328266797147 0.7581641333985703 3.6699999999999657
-1.5087655480157727 0.7543827740078833 3.6799999999999655
-1.5012405484516795 0.7506202742258371 3.6899999999999653
-1.4937530799794885 0.7468765399897417 3.699999999999965
-1.486302955412096 0.7431514777060457 3.709999999999965
-1.4788899884960005 0.7394449942479983 3.7199999999999647
-1.4715139939066428 0.7357569969533195 3.7299999999999645
-1.4641747872437745 0.7320873936218856 3.7399999999999642
-1.4568721850268467 0.7284360925134218 3.749999999999964
-1.449606004690423 0.7248030023452101 3.759999999999964
-1.4423760645796169 0.7211880322898072 3.7699999999999636
-1.4351821839455494 0.7175910919727735 3.7799999999999634
-1.4280241829408298 0.7140120914704138 3.789999999999963
-1.4209018826150592 0.7104509413075286 3.799999999999963
-1.41381510491036 0.7069075524551791 3.8099999999999627
-1.40676367265692 0.7033818363284591 3.8199999999999625
-1.3997474095685647 0.6998737047842817 3.8299999999999623
-1.3927661402383527 0.6963830701191757 3.839999999999962
-1.3858196901341868 0.6929098450670927 3.849999999999962
-1.3789078855944519 0.6894539427972253 3.8599999999999617
-1.3720305538236754 0.6860152769118373 3.8699999999999615
-1.3651875228882044 0.6825937614441017 3.8799999999999613
-1.358378621711909 0.6791893108559541 3.889999999999961
-1.3516036800719056 0.6758018400359525 3.899999999999961
-1.3448625285942999 0.6724312642971496 3.9099999999999606
-1.338154998749954 0.6690774993749766 3.9199999999999604
-1.3314809228502724 0.665740461425136 3.92999999999996
-1.3248401340430105 0.662420067021505 3.93999999999996
-1.3182324663081015 0.6591162331540505 3.9499999999999598
-1.3116577544535084 0.6558288772267539 3.9599999999999596
-1.305115834111092 0.6525579170555458 3.9699999999999593
-1.2986065417325034 0.6493032708662516 3.979999999999959
-1.2921297145850938 0.6460648572925468 3.989999999999959
-1.285685190747847 0.6428425953739234 3.9999999999999587
-1.279272809107332 0.6396364045536659 4.009999999999959
-1.2728924093536738 0.6364462046768368 4.019999999999959
-1.2665438319765454 0.6332719159882725 4.0299999999999585
-1.2602269182611827 0.6301134591305912 4.039999999999958
-1.2539415102844134 0.6269707551422066 4.049999999999958
-1.2476874509107105 0.6238437254553552 4.059999999999958
-1.2414645837882645 0.6207322918941321 4.069999999999958
-1.2352727533450727 0.6176363766725362 4.079999999999957
-1.2291118047850516 0.6145559023925257 4.089999999999957
-1.2229815840841665 0.6114907920420832 4.099999999999957
-1.2168819379865807 0.6084409689932904 4.109999999999957
-1.2108127140008234 0.6054063570004117 4.119999999999957
-1.2047737603959796 0.6023868801979898 4.129999999999956
-1.1987649261978948 0.5993824630989474 4.139999999999956
-1.1927860611854 0.5963930305927 4.149999999999956
-1.1868370158865595 0.5934185079432798 4.159999999999956
-1.1809176415749305 0.5904588207874653 4.1699999999999555
-1.175027790265847 0.5875138951329235 4.179999999999955
-1.1691673147127197 0.5845836573563599 4.189999999999955
-1.1633360684033547 0.5816680342016773 4.199999999999955
-1.1575339055562897 0.5787669527781448 4.209999999999955
-1.1517606811171521 0.5758803405585761 4.2199999999999545
-1.14601625075503 0.573008125377515 4.229999999999954
-1.140300470858865 0.5701502354294326 4.239999999999954
-1.1346131985338628 0.5673065992669314 4.249999999999954
-1.128954291597918 0.564477145798959 4.259999999999954
-1.1233236085780627 0.5616618042890313 4.269999999999953
-1.1177210087069285 0.5588605043534642 4.279999999999953
-1.112146351919227 0.5560731759596135 4.289999999999953
-1.1065994988482475 0.5532997494241237 4.299999999999953
-1.1010803108223746 0.5505401554111873 4.3099999999999525
-1.0955886498616203 0.5477943249308102 4.319999999999952
-1.0901243786741743 0.5450621893370872 4.329999999999952
-1.084687360652973 0.5423436803264865 4.339999999999952
-1.0792774598722816 0.5396387299361408 4.349999999999952
-1.0738945410843 0.53694727054215 4.3599999999999515
-1.0685384697157772 0.5342692348578886 4.369999999999951
-1.0632091118646503 0.5316045559323251 4.379999999999951
-1.057906334296696 0.528953167148348 4.389999999999951
-1.052630004442198 0.526315002221099 4.399999999999951
-1.0473799903926357 0.5236899951963179 4.40999999999995
-1.0421561608973844 0.5210780804486922 4.41999999999995
-1.0369583853604345 0.5184791926802172 4.42999999999995
-1.0317865338371268 0.5158932669185634 4.43999999999995
-1.026640477030904 0.513320238515452 4.4499999999999496
-1.0215200862900782 0.5107600431450391 4.459999999999949
-1.0164252336046133 0.5082126168023067 4.469999999999949
-1.0113557916029277 0.5056778958014638 4.479999999999949
-1.006311633548707 0.5031558167743535 4.489999999999949
-1.0012926333377372 0.5006463166688686 4.4999999999999485
-0.9962986654947514 0.4981493327473757 4.509999999999948
-0.9913296051702936 0.4956648025851468 4.519999999999948
-0.9863853281375966 0.4931926640687983 4.529999999999948
-0.9814657107894778 0.4907328553947389 4.539999999999948
-0.9765706301352465 0.48828531506762324 4.549999999999947
-0.9716999637976316 0.4858499818988158 4.559999999999947
-0.9668535900097214 0.4834267950048607 4.569999999999947
-0.962031387611918 0.481015693805959 4.579999999999947
-0.957233236048911 0.4786166180244555 4.589999999999947
-0.9524590153666611 0.47622950768333056 4.599999999999946
-0.9477086062094027 0.47385430310470134 4.609999999999946
-0.9429818898166594 0.4714909449083297 4.619999999999946
-0.9382787480202752 0.4691393740101376 4.629999999999946
-0.93359906324146 0.46679953162073 4.6399999999999455
-0.9289427184878511 0.4644713592439256 4.649999999999945
-0.9243095973505866 0.4621547986752933 4.659999999999945
-0.9196995840013974 0.4598497920006987 4.669999999999945
-0.9151125631897091 0.45755628159485456 4.679999999999945
-0.9105484202397627 0.45527421011988134 4.689999999999944
-0.9060070410477468 0.4530035205238734 4.699999999999944
-0.9014883120789448 0.4507441560394724 4.709999999999944
-0.8969921203648976 0.4484960601824488 4.719999999999944
-0.8925183535005777 0.44625917675028887 4.729999999999944
-0.8880668996415807 0.44403344982079035 4.739999999999943
-0.8836376475013284 0.4418188237506642 4.749999999999943
-0.8792304863482864 0.4396152431741432 4.759999999999943
-0.8748453060031962 0.4374226530015981 4.769999999999943
-0.8704819968363212 0.4352409984181606 4.7799999999999425
-0.8661404497647046 0.4330702248823523 4.789999999999942
-0.8618205562494439 0.43091027812472193 4.799999999999942
-0.8575222082929758 0.4287611041464879 4.809999999999942
-0.8532452984363776 0.4266226492181888 4.819999999999942
-0.8489897197566801 0.42449485987834007 4.8299999999999415
-0.8447553658641952 0.4223776829320976 4.839999999999941
-0.8405421308998542 0.4202710654499271 4.849999999999941
-0.8363499095325643 0.41817495476628214 4.859999999999941
-0.8321785969565724 0.4160892984782862 4.869999999999941
-0.8280280888888472 0.4140140444444236 4.87999999999994
-0.8238982815664705 0.41194914078323525 4.88999999999994
-0.8197890717440446 0.4098945358720223 4.89999999999994
-0.8157003566911096 0.4078501783455548 4.90999999999994
-0.8116320341895763 0.40581601709478815 4.9199999999999395
-0.8075840025311702 0.4037920012655851 4.929999999999939
-0.8035561605148893 0.40177808025744466 4.939999999999939
-0.799548407444473 0.3997742037222365 4.949999999999939
-0.7955606431258861 0.3977803215629431 4.959999999999939
-0.7915927678648127 0.39579638393240635 4.9699999999999385
-0.7876446824641649 0.39382234123208243 4.979999999999938
-0.7837162882216018 0.3918581441108009 4.989999999999938
-0.779807486927063 0.3899037434635315 4.999999999999938
-0.7759181808603122 0.3879590904301561 5.009999999999938
-0.7720482727884954 0.3860241363942477 5.019999999999937
-0.7681976659637092 0.3840988329818546 5.029999999999937
-0.7643662641205824 0.3821831320602912 5.039999999999937
-0.7605539714738693 0.38027698573693464 5.049999999999937
-0.7567606927160553 0.37838034635802764 5.0599999999999365
-0.752986333014974 0.376493166507487 5.069999999999936
-0.7492307980114361 0.37461539900571805 5.079999999999936
-0.7454939938168709 0.37274699690843544 5.089999999999936
-0.741775827010979 0.3708879135054895 5.099999999999936
-0.7380762046393965 0.36903810231969825 5.1099999999999355
-0.7343950342113714 0.3671975171056857 5.119999999999935
-0.7307322236974515 0.36536611184872575 5.129999999999935
-0.7270876815271831 0.36354384076359153 5.139999999999935
-0.7234613165868219 0.36173065829341094 5.149999999999935
-0.7198530382170557 0.35992651910852785 5.159999999999934
-0.7162627562107374 0.3581313781053687 5.169999999999934
-0.7126903808106297 0.35634519040531487 5.179999999999934
-0.7091358227071617 0.35456791135358084 5.189999999999934
-0.7055989930361954 0.3527994965180977 5.199999999999934
-0.7020798033768052 0.3510399016884026 5.209999999999933
-0.6985781657490657 0.34928908287453286 5.219999999999933
-0.6950939926118546 0.3475469963059273 5.229999999999933
-0.6916271968606617 0.3458135984303308 5.239999999999933
-0.6881776918254122 0.3440888459127061 5.2499999999999325
-0.6847453912683011 0.34237269563415057 5.259999999999932
-0.6813302093816358 0.3406651046908179 5.269999999999932
-0.6779320607856908 0.3389660303928454 5.279999999999932
-0.6745508605265745 0.33727543026328727 5.289999999999932
-0.6711865240741042 0.3355932620370521 5.299999999999931
-0.6678389673196933 0.33391948365984664 5.309999999999931
-0.6645081065742489 0.33225405328712443 5.319999999999931
-0.6611938585660787 0.33059692928303935 5.329999999999931
-0.6578961404388097 0.32894807021940486 5.339999999999931
-0.6546148697493173 0.32730743487465863 5.34999999999993
-0.6513499644656631 0.32567498223283153 5.35999999999993
-0.6481013429650448 0.3240506714825224 5.36999999999993
-0.6448689240317563 0.32243446201587816 5.37999999999993
-0.6416526268551555 0.3208263134275777 5.3899999999999295
-0.6384523710276454 0.3192261855138227 5.399999999999929
-0.6352680765426638 0.3176340382713319 5.409999999999929
-0.6320996637926826 0.3160498318963413 5.419999999999929
-0.6289470535672181 0.31447352678360907 5.429999999999929
-0.6258101670508506 0.3129050835254253 5.4399999999999284
-0.6226889258212536 0.3113444629106268 5.449999999999928
-0.6195832518472338 0.3097916259236169 5.459999999999928
-0.6164930674867802 0.3082465337433901 5.469999999999928
-0.6134182954851229 0.30670914774256147 5.479999999999928
-0.6103588589728015 0.30517942948640076 5.489999999999927
-0.6073146814637442 0.3036573407318721 5.499999999999927
-0.6042856868533542 0.3021428434266771 5.509999999999927
-0.6012717994166089 0.30063589970830445 5.519999999999927
-0.5982729438061654 0.2991364719030827 5.5299999999999265
-0.5952890450504769 0.29764452252523843 5.539999999999926
-0.5923200285519195 0.2961600142759597 5.549999999999926
-0.5893658200849259 0.29468291004246294 5.559999999999926
-0.5864263457941306 0.2932131728970653 5.569999999999926
-0.583501532192523 0.2917507660962615 5.5799999999999255
-0.5805913061596111 0.29029565307980554 5.589999999999925
-0.5776955949395923 0.28884779746979616 5.599999999999925
-0.5748143261395354 0.2874071630697677 5.609999999999925
-0.5719474277275702 0.2859737138637851 5.619999999999925
-0.5690948280310872 0.2845474140155436 5.629999999999924
-0.5662564557349454 0.2831282278674727 5.639999999999924
-0.5634322398796895 0.28171611993984474 5.649999999999924
-0.560622109859776 0.280311054929888 5.659999999999924
-0.5578259954218081 0.27891299771090405 5.6699999999999235
-0.5550438266627792 0.2775219133313896 5.679999999999923
-0.5522755340283253 0.27613776701416265 5.689999999999923
-0.5495210483109866 0.2747605241554933 5.699999999999923
-0.5467803006484766 0.2733901503242383 5.709999999999923
-0.544053222521961 0.2720266112609805 5.7199999999999225
-0.5413397457543445 0.27066987287717226 5.729999999999922
-0.5386398025085667 0.26931990125428334 5.739999999999922
-0.5359533252859058 0.2679766626429529 5.749999999999922
-0.5332802469242912 0.2666401234621456 5.759999999999922
-0.5306205005966249 0.26531025029831246 5.769999999999921
-0.52797401980911 0.263987009904555 5.779999999999921
-0.525340738399589 0.2626703691997945 5.789999999999921
-0.5227205905358895 0.26136029526794474 5.799999999999921
-0.5201135107141783 0.26005675535708916 5.809999999999921
-0.5175194337573245 0.2587597168786622 5.81999999999992
-0.5149382948132686 0.2574691474066343 5.82999999999992
-0.5123700293534027 0.25618501467670135 5.83999999999992
-0.5098145731709567 0.25490728658547834 5.84999999999992
-0.5072718623793928 0.2536359311896964 5.8599999999999195
-0.5047418334108088 0.2523709167054044 5.869999999999919
-0.5022244230143489 0.25111221150717444 5.879999999999919
-0.4997195682546217 0.24985978412731086 5.889999999999919
-0.4972272065101281 0.24861360325506404 5.899999999999919
-0.4947472754716944 0.2473736377358472 5.909999999999918
-0.49227971314091556 0.24613985657045778 5.919999999999918
-0.48982445782860495 0.24491222891430248 5.929999999999918
-0.48738144815325174 0.24369072407662587 5.939999999999918
-0.4849506230394868 0.2424753115197434 5.949999999999918
-0.4825319217165557 0.24126596085827784 5.959999999999917
-0.48012528371679947 0.24006264185839973 5.969999999999917
-0.4777306488741426 0.2388653244370713 5.979999999999917
-0.4753479573225895 0.23767397866129475 5.989999999999917
-0.4729771494947272 0.2364885747473636 5.9999999999999165
-0.4706181661202366 0.2353090830601183 6.009999999999916
-0.46827094822441023 0.23413547411220512 6.019999999999916
-0.4659354371266786 0.2329677185633393 6.029999999999916
-0.4636115744391427 0.23180578721957135 6.039999999999916
-0.46129930206511427 0.23064965103255713 6.0499999999999154
-0.4589985621976634 0.2294992810988317 6.059999999999915
-0.45670929731817367 0.22835464865908683 6.069999999999915
-0.45443145019490394 0.22721572509745197 6.079999999999915
-0.45216496388155736 0.22608248194077868 6.089999999999915
-0.44990978171585805 0.22495489085792902 6.099999999999914
-0.4476658473181345 0.22383292365906726 6.109999999999914
-0.4454331045899098 0.2227165522949549 6.119999999999914
-0.4432114977124997 0.22160574885624984 6.129999999999914
-0.44100097114561615 0.22050048557280807 6.1399999999999135
-0.4388014696259801 0.21940073481299005 6.149999999999913
-0.43661293816593905 0.21830646908296952 6.159999999999913
-0.43443532205209234 0.21721766102604617 6.169999999999913
-0.4322685668439238 0.2161342834219619 6.179999999999913
-0.4301126183724404 0.2150563091862202 6.1899999999999125
-0.42796742273881805 0.21398371136940902 6.199999999999912
-0.42583292631305397 0.21291646315652699 6.209999999999912
-0.4237090757326268 0.2118545378663134 6.219999999999912
-0.42159581790116096 0.21079790895058048 6.229999999999912
-0.4194930999871009 0.20974654999355044 6.239999999999911
-0.4174008694223891 0.20870043471119454 6.249999999999911
-0.4153190739011524 0.2076595369505762 6.259999999999911
-0.4132476613783946 0.2066238306891973 6.269999999999911
-0.41118658006869446 0.20559329003434723 6.2799999999999105
-0.4091357784449121 0.20456788922245606 6.28999999999991
-0.4070952052369001 0.20354760261845006 6.29999999999991
-0.40506480943022183 0.20253240471511091 6.30999999999991
-0.40304454026487646 0.20152227013243823 6.31999999999991
-0.40103434723402964 0.20051717361701482 6.3299999999999095
-0.3990341800827508 0.1995170900413754 6.339999999999909
-0.39704398880675723 0.19852199440337862 6.349999999999909
-0.3950637236511631 0.19753186182558155 6.359999999999909
-0.3930933351092366 0.1965466675546183 6.369999999999909
-0.3911327739211614 0.1955663869605807 6.379999999999908
-0.3891819910728058 0.1945909955364029 6.389999999999908
-0.3872409377944969 0.19362046889724846 6.399999999999908
-0.38530956555980167 0.19265478277990083 6.409999999999908
-0.38338782608431365 0.19169391304215683 6.419999999999908
-0.38147567132444593 0.19073783566222297 6.429999999999907
-0.3795730534762298 0.1897865267381149 6.439999999999907
-0.37767992497411995 0.18883996248705998 6.449999999999907
-0.3757962384898055 0.18789811924490274 6.459999999999907
-0.3739219469310259 0.18696097346551294 6.4699999999999065
-0.3720570034403948 0.1860285017201974 6.479999999999906
-0.3702013613942275 0.18510068069711375 6.489999999999906
-0.3683549744013765 0.18417748720068824 6.499999999999906
-0.3665177963020707 0.18325889815103535 6.509999999999906
-0.36468978116676193 0.18234489058338096 6.519999999999905
-0.36287088329497663 0.18143544164748832 6.529999999999905
-0.36106105721417314 0.18053052860708657 6.539999999999905
-0.3592602576786054 0.1796301288393027 6.549999999999905
-0.3574684396681911 0.17873421983409554 6.559999999999905
-0.3556855583873867 0.17784277919369335 6.569999999999904
-0.35391156926406714 0.17695578463203357 6.579999999999904
-0.3521464279484123 0.17607321397420614 6.589999999999904
-0.35039009031179696 0.17519504515589848 6.599999999999904
-0.34864251244568895 0.17432125622284447 6.6099999999999035
-0.3469036506605507 0.17345182533027534 6.619999999999903
-0.3451734614847467 0.17258673074237335 6.629999999999903
-0.3434519016634576 0.1717259508317288 6.639999999999903
-0.34173892815759843 0.17086946407879922 6.649999999999903
-0.340034498142742 0.170017249071371 6.659999999999902
-0.3383385690080493 0.16916928450402466 6.669999999999902
-0.33665109835520357 0.16832554917760179 6.679999999999902
-0.33497204399735064 0.16748602199867532 6.689999999999902
-0.3333013639580442 0.1666506819790221 6.699999999999902
-0.3316390164701961 0.16581950823509806 6.709999999999901
-0.32998495997503263 0.16499247998751632 6.719999999999901
-0.3283391531210553 0.16416957656052766 6.729999999999901
-0.3267015547630071 0.16335077738150355 6.739999999999901
-0.32507212396084356 0.16253606198042178 6.7499999999999005
-0.32345081997870984 0.16172540998935492 6.7599999999999
-0.3218376022839222 0.1609188011419611 6.7699999999999
-0.3202324305459539 0.16011621527297695 6.7799999999999
-0.3186352646354281 0.15931763231771404 6.7899999999999
-0.31704606462311374 0.15852303231155687 6.7999999999998995
-0.3154647907789278 0.1577323953894639 6.809999999999899
-0.3138914035709418 0.1569457017854709 6.819999999999899
-0.31232586366439363 0.15616293183219682 6.829999999999899
-0.31076813192070396 0.15538406596035198 6.839999999999899
-0.3092181693964984 0.1546090846982492 6.849999999999898
-0.3076759373426326 0.1538379686713163 6.859999999999898
-0.30614139720322525 0.15307069860161263 6.869999999999898
-0.3046145106146929 0.15230725530734646 6.879999999999898
-0.3030952394047913 0.15154761970239564 6.8899999999998975
-0.301583545591661 0.1507917727958305 6.899999999999897
-0.300079391382878 0.150039695691439 6.909999999999897
-0.29858273917450867 0.14929136958725434 6.919999999999897
-0.29709355155016987 0.14854677577508493 6.929999999999897
-0.2956117912800935 0.14780589564004676 6.9399999999998965
-0.2941374213201957 0.14706871066009786 6.949999999999896
-0.2926704048111504 0.1463352024055752 6.959999999999896
-0.29121070507746877 0.14560535253873438 6.969999999999896
-0.28975828562658124 0.14487914281329062 6.979999999999896
-0.28831311014792604 0.14415655507396302 6.989999999999895
-0.2868751425120408 0.1434375712560204 6.999999999999895
-0.2854443467696598 0.1427221733848299 7.009999999999895
-0.28402068715081497 0.14201034357540748 7.019999999999895
-0.2826041280639416 0.1413020640319708 7.0299999999998946
-0.2811946340949889 0.14059731704749445 7.039999999999894
-0.27979217000653406 0.13989608500326703 7.049999999999894
-0.2783967007369019 0.13919835036845096 7.059999999999894
-0.2770081913992881 0.13850409569964406 7.069999999999894
-0.2756266072808867 0.13781330364044336 7.0799999999998935
-0.2742519138420229 0.13712595692101145 7.089999999999893
-0.27288407671528925 0.13644203835764462 7.099999999999893
-0.27152306170468604 0.13576153085234302 7.109999999999893
-0.2701688347847674 0.1350844173923837 7.119999999999893
-0.2688213620997896 0.1344106810498948 7.129999999999892
-0.26748060996286543 0.13374030498143272 7.139999999999892
-0.2661465448551216 0.1330732724275608 7.149999999999892
-0.2648191334248611 0.13240956671243054 7.159999999999892
-0.26349834248672876 0.13174917124336438 7.169999999999892
-0.26218413902088245 0.13109206951044122 7.179999999999891
-0.2608764901721672 0.1304382450860836 7.189999999999891
-0.25957536324929353 0.12978768162464677 7.199999999999891
-0.25828072572402067 0.12914036286201033 7.209999999999891
-0.256992545230343 0.1284962726151715 7.2199999999998905
-0.25571078956368115 0.12785539478184058 7.22999999999989
-0.2544354266800767 0.12721771334003834 7.23999999999989
-0.2531664246953911 0.12658321234769554 7.24999999999989
-0.2519037518845086 0.1259518759422543 7.25999999999989
-0.25064737668054327 0.12532368834027163 7.269999999999889
-0.2493972676740495 0.12469863383702474 7.279999999999889
-0.248153393612237 0.1240766968061185 7.289999999999889
-0.2469157233981895 0.12345786169909476 7.299999999999889
-0.24568422609008717 0.12284211304504358 7.309999999999889
-0.24445887090043314 0.12222943545021657 7.319999999999888
-0.2432396271952839 0.12161981359764194 7.329999999999888
-0.24202646449348325 0.12101323224674163 7.339999999999888
-0.2408193524659005 0.12040967623295025 7.349999999999888
-0.23961826093467206 0.11980913046733603 7.3599999999998875
-0.23842315987244714 0.11921157993622357 7.369999999999887
-0.23723401940163688 0.11861700970081844 7.379999999999887
-0.23605080979366766 0.11802540489683383 7.389999999999887
-0.23487350146823754 0.11743675073411877 7.399999999999887
-0.23370206499257717 0.11685103249628859 7.4099999999998865
-0.23253647108071362 0.11626823554035681 7.419999999999886
-0.23137669059273835 0.11568834529636918 7.429999999999886
-0.23022269453407876 0.11511134726703938 7.439999999999886
-0.22907445405477336 0.11453722702738668 7.449999999999886
-0.22793194044875026 0.11396597022437513 7.459999999999885
-0.22679512515310984 0.11339756257655492 7.469999999999885
-0.22566397974741048 0.11283198987370524 7.479999999999885
-0.22453847595295823 0.11226923797647911 7.489999999999885
-0.2234185856320995 0.11170929281604974 7.4999999999998845
-0.22230428078751788 0.11115214039375894 7.509999999999884
-0.22119553356153437 0.11059776678076719 7.519999999999884
-0.22009231623541048 0.11004615811770524 7.529999999999884
-0.2189946012286557 0.10949730061432784 7.539999999999884
-0.21790236109833755 0.10895118054916877 7.5499999999998835
-0.21681556853839595 0.10840778426919798 7.559999999999883
-0.21573419637896027 0.10786709818948013 7.569999999999883
-0.21465821758567033 0.10732910879283517 7.579999999999883
-0.21358760525900009 0.10679380262950004 7.589999999999883
-0.2125223326335857 0.10626116631679285 7.599999999999882
-0.211462373077556 0.105731186538778 7.609999999999882
-0.21040770009186693 0.10520385004593347 7.619999999999882
-0.2093582873096389 0.10467914365481945 7.629999999999882
-0.20831410849549767 0.10415705424774883 7.6399999999998816
-0.2072751375449186 0.1036375687724593 7.649999999999881
-0.2062413484835737 0.10312067424178685 7.659999999999881
-0.20521271546668268 0.10260635773334134 7.669999999999881
-0.2041892127783664 0.1020946063891832 7.679999999999881
-0.20317081483100452 0.10158540741550226 7.6899999999998805
-0.20215749616459522 0.10107874808229761 7.69999999999988
-0.20114923144611907 0.10057461572305954 7.70999999999988
-0.20014599546890563 0.10007299773445281 7.71999999999988
-0.1991477631520032 0.0995738815760016 7.72999999999988
-0.19815450953955183 0.09907725476977591 7.739999999999879
-0.19716620980015945 0.09858310490007972 7.749999999999879
-0.19618283922628124 0.09809141961314062 7.759999999999879
-0.1952043732336015 0.09760218661680076 7.769999999999879
-0.19423078736041957 0.09711539368020979 7.779999999999879
-0.19326205726703777 0.09663102863351888 7.789999999999878
-0.19229815873515343 0.09614907936757672 7.799999999999878
-0.19133906766725298 0.09566953383362649 7.809999999999878
-0.19038476008600982 0.09519238004300491 7.819999999999878
-0.18943521213368467 0.09471760606684233 7.8299999999998775
-0.1884904000715293 0.09424520003576466 7.839999999999877
-0.18755030027919292 0.09377515013959646 7.849999999999877
-0.1866148892541318 0.0933074446270659 7.859999999999877
-0.1856841436110216 0.0928420718055108 7.869999999999877
-0.18475804008117264 0.09237902004058632 7.879999999999876
-0.18383655551194858 0.09191827775597429 7.889999999999876
-0.18291966686618716 0.09145983343309358 7.899999999999876
-0.18200735122162442 0.09100367561081221 7.909999999999876
-0.1810995857703218 0.0905497928851609 7.919999999999876
-0.18019634781809576 0.09009817390904788 7.929999999999875
-0.17929761478395037 0.08964880739197519 7.939999999999875
-0.17840336419951297 0.08920168209975649 7.949999999999875
-0.17751357370847248 0.08875678685423624 7.959999999999875
-0.17662822106602014 0.08831411053301007 7.9699999999998745
-0.17574728413829388 0.08787364206914694 7.979999999999874
-0.1748707409018246 0.0874353704509123 7.989999999999874
-0.1739985694429857 0.08699928472149285 7.999999999999874
-0.17313074795744532 0.08656537397872266 8.009999999999874
-0.17226725474962112 0.08613362737481056 8.019999999999873
-0.1714080682321379 0.08570403411606894 8.029999999999873
-0.170553166925288 0.085276583462644 8.039999999999873
-0.16970252945649422 0.08485126472824711 8.049999999999873
-0.16885613455977552 0.08442806727988776 8.059999999999873
-0.1680139610752154 0.0840069805376077 8.069999999999872
-0.16717598794843294 0.08358799397421647 8.079999999999872
-0.16634219423005628 0.08317109711502814 8.089999999999872
-0.165512559075199 0.0827562795375995 8.099999999999872
-0.16468706174293904 0.08234353087146952 8.109999999999872
-0.16386568159580014 0.08193284079790007 8.119999999999871
-0.16304839809923583 0.08152419904961791 8.129999999999871
-0.1622351908211161 0.08111759541055805 8.139999999999871
-0.16142603943121664 0.08071301971560832 8.14999999999987
-0.16062092370071057 0.08031046185035529 8.15999999999987
-0.15981982350166268 0.07990991175083134 8.16999999999987
-0.15902271880652633 0.07951135940326316 8.17999999999987
-0.15822958968764256 0.07911479484382128 8.18999999999987
-0.15744041631674213 0.07872020815837107 8.19999999999987
-0.15665517896444964 0.07832758948222482 8.20999999999987
-0.1558738579997904 0.0779369289998952 8.21999999999987
-0.15509643388969957 0.07754821694484978 8.229999999999869
-0.15432288719853396 0.07716144359926698 8.239999999999869
-0.15355319858758593 0.07677659929379296 8.249999999999869
-0.15278734881460015 0.07639367440730008 8.259999999999868
-0.15202531873329247 0.07601265936664624 8.269999999999868
-0.15126708929287105 0.07563354464643553 8.279999999999868
-0.15051264153756053 0.07525632076878026 8.289999999999868
-0.1497619566061276 0.0748809783030638 8.299999999999867
-0.14901501573140993 0.07450750786570497 8.309999999999867
-0.1482718002398468 0.0741359001199234 8.319999999999867
-0.1475322915510121 0.07376614577550605 8.329999999999867
-0.14679647117715022 0.07339823558857511 8.339999999999867
-0.14606432072271336 0.07303216036135668 8.349999999999866
-0.14533582188390212 0.07266791094195106 8.359999999999866
-0.14461095644820757 0.07230547822410378 8.369999999999866
-0.14388970629395603 0.07194485314697802 8.379999999999866
-0.14317205338985609 0.07158602669492804 8.389999999999866
-0.14245797979454783 0.07122898989727391 8.399999999999865
-0.1417474676561541 0.07087373382807705 8.409999999999865
-0.14104049921183442 0.07052024960591721 8.419999999999865
-0.14033705678734096 0.07016852839367048 8.429999999999865
-0.1396371227965764 0.0698185613982882 8.439999999999864
-0.13894067974115448 0.06947033987057724 8.449999999999864
-0.13824771020996265 0.06912385510498133 8.459999999999864
-0.13755819687872645 0.06877909843936322 8.469999999999864
-0.1368721225095767 0.06843606125478835 8.479999999999864
-0.13618946995061848 0.06809473497530924 8.489999999999863
-0.13551022213550218 0.06775511106775109 8.499999999999863
-0.13483436208299718 0.06741718104149859 8.509999999999863
-0.13416187289656684 0.06708093644828342 8.519999999999863
-0.1334927377639465 0.06674636888197324 8.529999999999863
-0.13282693995672304 0.06641346997836152 8.539999999999862
-0.13216446282991656 0.06608223141495828 8.549999999999862
-0.1315052898215644 0.0657526449107822 8.559999999999862
-0.13084940445230703 0.06542470222615351 8.569999999999862
-0.130196790324976 0.065098395162488 8.579999999999862
-0.12954743112418424 0.06477371556209212 8.589999999999861
-0.12890131061591784 0.06445065530795892 8.599999999999861
-0.12825841264713042 0.06412920632356521 8.60999999999986
-0.12761872114533934 0.06380936057266967 8.61999999999986
-0.12698222011822372 0.06349111005911186 8.62999999999986
-0.12634889365322466 0.06317444682661233 8.63999999999986
-0.12571872591714767 0.06285936295857383 8.64999999999986
-0.12509170115576643 0.06254585057788321 8.65999999999986
-0.1244678036934293 0.06223390184671465 8.66999999999986
-0.1238470179326672 0.0619235089663336 8.67999999999986
-0.12322932835380378 0.06161466417690189 8.68999999999986
-0.12261471951456741 0.06130735975728371 8.699999999999859
-0.1220031760497051 0.06100158802485255 8.709999999999859
-0.12139468267059837 0.060697341335299186 8.719999999999859
-0.12078922416488105 0.06039461208244053 8.729999999999858
-0.12018678539605895 0.06009339269802948 8.739999999999858
-0.1195873513031315 0.05979367565156575 8.749999999999858
-0.11899090690021512 0.05949545345010756 8.759999999999858
-0.11839743727616872 0.05919871863808436 8.769999999999857
-0.11780692759422075 0.058903463797110374 8.779999999999857
-0.11721936309159842 0.05860968154579921 8.789999999999857
-0.11663472907915856 0.05831736453957928 8.799999999999857
-0.1160530109410204 0.0580265054705102 8.809999999999857
-0.11547419413420022 0.05773709706710011 8.819999999999856
-0.11489826418824767 0.057449132094123834 8.829999999999856
-0.11432520670488408 0.05716260335244204 8.839999999999856
-0.1137550073576426 0.0568775036788213 8.849999999999856
-0.11318765189150981 0.056593825945754905 8.859999999999856
-0.11262312612256947 0.056311563061284736 8.869999999999855
-0.112061415937648 0.056030707968824 8.879999999999855
-0.11150250729396152 0.05575125364698076 8.889999999999855
-0.1109463862187648 0.0554731931093824 8.899999999999855
-0.11039303880900203 0.055196519404501015 8.909999999999854
-0.1098424512309591 0.05492122561547955 8.919999999999854
-0.10929460971991793 0.054647304859958966 8.929999999999854
-0.10874950057981218 0.05437475028990609 8.939999999999854
-0.10820711018288498 0.05410355509144249 8.949999999999854
-0.10766742496934813 0.053833712484674064 8.959999999999853
-0.1071304314470432 0.0535652157235216 8.969999999999853
-0.10659611619110416 0.05329805809555208 8.979999999999853
-0.10606446584362181 0.053032232921810904 8.989999999999853
-0.1055354671133097 0.05276773355665485 8.999999999999853
-0.1050091067751721 0.05250455338758605 9.009999999999852
-0.10448537167017309 0.052242685835086546 9.019999999999852
-0.10396424870490778 0.05198212435245389 9.029999999999852
-0.10344572485127493 0.051722862425637464 9.039999999999852
-0.10292978714615111 0.05146489357307556 9.049999999999851
-0.10241642269106693 0.051208211345533466 9.059999999999851
-0.10190561865188422 0.05095280932594211 9.069999999999851
-0.10139736225847537 0.050698681129237685 9.07999999999985
-0.1008916408044041 0.05044582040220205 9.08999999999985
-0.10038844164660773 0.05019422082330387 9.09999999999985
-0.09988775220508107 0.04994387610254054 9.10999999999985
-0.09938955996256205 0.04969477998128102 9.11999999999985
-0.09889385246421865 0.04944692623210933 9.12999999999985
-0.09840061731733755 0.04920030865866878 9.13999999999985
-0.09790984219101445 0.048954921095507226 9.14999999999985
-0.09742151481584557 0.048710757407922786 9.15999999999985
-0.09693562298362114 0.04846781149181057 9.169999999999849
-0.09645215454702005 0.048226077273510026 9.179999999999849
-0.09597109741930618 0.04798554870965309 9.189999999999849
-0.09549243957402628 0.04774621978701314 9.199999999999848
-0.09501616904470929 0.047508084522354645 9.209999999999848
-0.09454227392456722 0.04727113696228361 9.219999999999848
-0.09407074236619732 0.04703537118309866 9.229999999999848
-0.09360156258128609 0.046800781290643044 9.239999999999847
-0.09313472284031447 0.04656736142015724 9.249999999999847
-0.09267021147226466 0.04633510573613233 9.259999999999847
-0.09220801686432824 0.04610400843216412 9.269999999999847
-0.09174812746161591 0.045874063730807955 9.279999999999847
-0.09129053176686866 0.04564526588343433 9.289999999999846
-0.09083521834017033 0.045417609170085166 9.299999999999846
-0.09038217579866148 0.04519108789933074 9.309999999999846
-0.08993139281625505 0.044965696408127524 9.319999999999846
-0.08948285812335291 0.044741429061676455 9.329999999999846
-0.08903656050656444 0.04451828025328222 9.339999999999845
-0.08859248880842595 0.044296244404212974 9.349999999999845
-0.08815063192712187 0.044075315963560936 9.359999999999845
-0.08771097881620717 0.04385548940810358 9.369999999999845
-0.08727351848433115 0.043636759242165576 9.379999999999844
-0.08683823999496271 0.043419119997481354 9.389999999999844
-0.08640513246611703 0.043202566233058515 9.399999999999844
-0.08597418507008324 0.04298709253504162 9.409999999999844
-0.08554538703315401 0.042772693516577004 9.419999999999844
-0.0851187276353561 0.04255936381767805 9.429999999999843
-0.08469419621018237 0.042347098105091185 9.439999999999843
-0.08427178214432507 0.042135891072162535 9.449999999999843
-0.08385147487741049 0.04192573743870524 9.459999999999843
-0.08343326390173515 0.041716631950867576 9.469999999999843
-0.08301713876200283 0.04150856938100141 9.479999999999842
-0.08260308905506336 0.04130154452753168 9.489999999999842
-0.08219110442965252 0.04109555221482626 9.499999999999842
-0.08178117458613324 0.04089058729306662 9.509999999999842
-0.081373289276238 0.040686644638119 9.519999999999841
-0.0809674383028129 0.04048371915140645 9.529999999999841
-0.08056361151956243 0.040281805759781214 9.539999999999841
-0.08016179883079597 0.04008089941539798 9.54999999999984
-0.07976199019117534 0.03988099509558767 9.55999999999984
-0.07936417560546381 0.03968208780273191 9.56999999999984
-0.07896834512827595 0.03948417256413798 9.57999999999984
-0.07857448886382924 0.03928724443191462 9.58999999999984
-0.07818259696569654 0.03909129848284827 9.59999999999984
-0.07779265963656001 0.03889632981828001 9.60999999999984
-0.07740466712796609 0.038702333563983046 9.61999999999984
-0.07701860974008189 0.03850930487004094 9.62999999999984
-0.07663447782145254 0.03831723891072627 9.639999999999839
-0.07625226176876013 0.03812613088438006 9.649999999999839
-0.07587195202658341 0.037935976013291704 9.659999999999838
-0.07549353908715901 0.03774676954357951 9.669999999999838
-0.07511701349014377 0.037558506745071885 9.679999999999838
-0.07474236582237813 0.037371182911189064 9.689999999999838
-0.07436958671765087 0.037184793358825435 9.699999999999838
-0.07399866685646499 0.03699933342823249 9.709999999999837
-0.0736295969658046 0.0368147984829023 9.719999999999837
-0.07326236781890325 0.03663118390945162 9.729999999999837
-0.0728969702350131 0.03644848511750655 9.739999999999837
-0.07253339507917557 0.036266697539587785 9.749999999999837
-0.0721716332619928 0.0360858166309964 9.759999999999836
-0.07181167573940052 0.03590583786970026 9.769999999999836
-0.07145351351244192 0.03572675675622096 9.779999999999836
-0.07109713762704264 0.03554856881352132 9.789999999999836
-0.07074253917378706 0.03537126958689353 9.799999999999836
-0.07038970928769532 0.03519485464384766 9.809999999999835
-0.0700386391480019 0.03501931957400095 9.819999999999835
-0.06968931997793504 0.03484465998896752 9.829999999999835
-0.06934174304449726 0.03467087152224863 9.839999999999835
-0.06899589965824716 0.03449794982912358 9.849999999999834
-0.06865178117308207 0.034325890586541036 9.859999999999834
-0.06830937898602191 0.034154689493010953 9.869999999999834
-0.06796868453699417 0.033984342268497086 9.879999999999834
-0.06762968930861993 0.033814844654309964 9.889999999999834
-0.06729238482600075 0.033646192413000375 9.899999999999833
-0.06695676265650705 0.03347838132825352 9.909999999999833
-0.0666228144095671 0.03331140720478355 9.919999999999833
-0.06629053173645733 0.03314526586822866 9.929999999999833
-0.0659599063300936 0.0329799531650468 9.939999999999833
-0.06563092992482354 0.03281546496241177 9.949999999999832
-0.06530359429621987 0.03265179714810994 9.959999999999832
-0.06497789126087486 0.03248894563043743 9.969999999999832
-0.06465381267619562 0.03232690633809781 9.979999999999832
-0.06433135044020069 0.032165675220100345 9.989999999999831
-0.06401049649131735 0.032005248245658674 9.999999999999831
